第一排是1. 2. 3. 4. 5.
第二排是6. 7. 1 2 3
第三排是4 5 6 7 1'
1. 代表降一个八度，1' 代表升一个八度(如果不理解就背键位对应的数字吧)
纯手打，如有错误请指正～

《Lemon》米津玄师
1 2 3 1 6. 2 7. 5. 3. 7. 6. 5. 1. 5. 3.
如果这一切都是梦境该有多好
2. 3. 4. 1 7. 1 5. 4. 3. 4. 5. 1 7. 6. 5.
至今仍能与你在梦中相遇
1 2 3 1 6. 2 7. 5. 3. 7. 6. 5. 1. 5. 3
如同取回遗忘之物一般
2. 3. 4. 5. 4. 5. 3. 5. 1 3 2 2 2 1 1 1
细细拂去将回忆覆盖的尘埃

6. 7. 1 7. 6. 5. 3 3 2 3 4 3 2 1 2 5.
我知道这世上一定没有
4. 5. 6. 5. 4. 3. 1 1 1 7. 6. 7. 1
比这更令人难过的事情了

2 3 2 1 6. 1 3 5 2 1 
那日的悲伤
2 3 2 1 6. 1 3 5 2 1
与那日的痛苦
2 3 2 1 6. 1 3 5 6 5
连同深爱着
5 1’ 7 5 3 5 2 2
这一切的你
2 3 2 1 6. 1 3 5 2 1
化作了深深烙印在我心中的
1 2 3 4 3 2 7. 1
苦涩柠檬的香气

1 7. 6. 7. 1 2 1 5. 3. 5. 6. 2 7. 1 1
在雨过天晴前都无法归去
1 7. 6. 7. 1 2 1 5. 1 2 3 4 2 1 1
时至今日 你仍是我的光芒
·